Final epoch metrics:
train_loss: 11.118690
valid_loss: 3.334470
_rmse: 2.488306
