Final epoch metrics:
train_loss: 9.950339
valid_loss: 3.154416
_rmse: 2.217689
